17:08:26     all   42.54    0.00   17.67    0.00    0.00    0.00    0.00    0.00    0.00   39.80
17:08:27     all   57.16    0.00   28.01    0.00    0.00    0.00    0.00    0.00    0.00   14.83
17:08:28     all   37.06    0.00   28.71    0.00    0.00    0.00    0.06    0.00    0.00   34.17
17:08:29     all   33.17    0.00   17.21    0.00    0.00    0.00    0.00    0.00    0.00   49.62
17:08:30     all   34.23    0.00   16.02    0.00    0.00    0.00    0.00    0.00    0.00   49.75
17:08:31     all   29.10    0.00   12.58    0.00    0.00    0.00    0.00    0.00    0.00   58.32
17:08:32     all    5.94    0.00    0.31    0.06    0.00    0.00    0.06    0.00    0.00   93.62
17:08:33     all    3.31    0.00    0.50    0.00    0.00    0.00    0.00    0.00    0.00   96.19
17:08:34     all    0.00    0.00    0.00    0.00    0.00    0.00    0.00    0.00    0.00  100.00
17:08:35     all    0.00    0.00    0.00    0.00    0.00    0.00    0.00    0.00    0.00  100.00
17:08:36     all    0.00    0.00    0.00    0.00    0.00    0.00    0.00    0.00    0.00  100.00
17:08:37     all    0.00    0.00    0.00    0.00    0.00    0.00    0.00    0.00    0.00  100.00
17:08:38     all    0.00    0.00    0.00    0.00    0.00    0.00    0.00    0.00    0.00  100.00
17:08:39     all    0.00    0.00    0.00    0.00    0.00    0.00    0.00    0.00    0.00  100.00
17:08:40     all    0.00    0.00    0.00    0.00    0.00    0.00    0.00    0.00    0.00  100.00
17:08:41     all    0.00    0.00    0.00    0.00    0.00    0.00    0.00    0.00    0.00  100.00
17:08:42     all    0.00    0.00    0.00    0.00    0.00    0.00    0.00    0.00    0.00  100.00
17:08:43     all    0.00    0.00    0.00    0.00    0.00    0.00    0.00    0.00    0.00  100.00
17:08:44     all    0.00    0.00    0.06    0.00    0.00    0.00    0.00    0.00    0.00   99.94
17:08:45     all    0.00    0.00    0.00    0.00    0.00    0.00    0.00    0.00    0.00  100.00
17:08:46     all    0.00    0.00    0.00    0.00    0.00    0.00    0.00    0.00    0.00  100.00
17:08:47     all    0.00    0.00    0.00    0.00    0.00    0.00    0.00    0.00    0.00  100.00
17:08:48     all    0.00    0.00    0.00    0.00    0.00    0.00    0.00    0.00    0.00  100.00
17:08:49     all    0.00    0.00    0.00    0.00    0.00    0.00    0.00    0.00    0.00  100.00
17:08:50     all    0.00    0.00    0.06    0.00    0.00    0.00    0.00    0.00    0.00   99.94
17:08:51     all    0.00    0.00    0.00    0.00    0.00    0.00    0.00    0.00    0.00  100.00
17:08:52     all    0.00    0.00    0.00    0.13    0.00    0.00    0.00    0.00    0.00   99.87
17:08:53     all    0.00    0.00    0.00    0.00    0.00    0.00    0.00    0.00    0.00  100.00
17:08:54     all    0.00    0.00    0.00    0.00    0.00    0.00    0.00    0.00    0.00  100.00
17:08:55     all    0.06    0.00    0.00    0.00    0.00    0.00    0.00    0.00    0.00   99.94
